2.94988
163.126
160.48
148.44
159.016
152.476
140.964
152.392
149.276
151.457
154.238
145.042
148.874
152.143
157.939
157.463
156.009
147.765
152.404
147.76
157.881
146.875
153.95
150.613
156.761
148.709
147.35
152.17
150.951
161.795
151.851
156.509
143.099
153.167
147.767
138.566
151.704
154.251
154.448
152.456
147.516
141.117
151.308
151.929
155.557
146.924
159.1
143.932
151.274
159.138
150.902
161.626
156.009
158.571
150.312
157.75
164.422
149.9
144.625
143.552
152.009
157.889
146.511
156.921
150.151
147.307
143.799
159.696
150.563
155.211
155.314
149.256
154.342
140.1
141.778
153.261
161.349
140.134
151.007
153.391
154.929
158.858
161.444
146.37
139.09
132.887
144.423
154.645
142.265
141.528
147.899
151.53
148.261
155.319
153.829
149.173
147.939
138.074
154.371
144.496
146.722
153.791
148.205
155.284
151.221
152.705
145.899
144
157.883
138.093
151.074
150.48
147.577
151.675
145.462
143.206
153.019
146.466
147.608
145.189
145.933
143.605
147.56
153.939
148.045
138.001
184.776
154.113
157.907
140.566
144.24
145.303
153.085
151.889
146.486
138.62
136.836
139.697
141.369
138.91
144.617
143.944
134.881
147.441
153.23
155.196
150.634
150.873
154.989
148.861
140.301
160.529
150.817
135.854
150.361
147.706
142.957
141.945
149.25
153.388
151.105
135.174
154.236
143.747
136.05
148.745
148.372
146.783
144.638
137.731
136.219
148.264
153.356
153.594
146.993
147.859
145.844
140.262
131.528
142.222
139.808
134.774
142.709
137.179
154.134
152.957
144.636
138.629
137.879
146.901
142.578
138.504
144.214
139.662
138.259
158.889
139.139
139.551
155.077
149.706
141.001
137.125
140.453
153.977
139.393
140.537
139.754
147.228
139.51
134.231
150.386
146.663
138.236
131.431
146.016
141.521
140.483
143.699
140.904
135.929
140.185
135.921
140.973
145.462
136.234
137.985
144.118
140.162
138.186
137.558
139.47
135.951
147.23
139.799
136.925
148.148
146.988
138.156
139.824
146.153
143.604
135.935
153.544
140.31
138.3
139.597
151.934
147.281
134.957
151.126
153.261
146.749
141.663
148.801
140.411
139.632
142.762
148.273
136.783
135.778
157.245
159.056
145.287
139.231
141.43
148.312
146.051
138.65
134.427
148.674
146.44
142.901
138.604
146.062
136.648
137.202
142.825
139.348
138.058
158.795
140.886
140.989
139.878
140.692
136.506
135.007
143.706
140.004
135.375
144.096
144.757
139.179
148.639
134.948
142.231
139.242
151.697
139.72
141.734
141.315
137.102
139.832
140.151
146.826
142.245
138.55
147.778
146.086
143.849
141.757
144.228
145.29
138.203
139.905
143.947
139.019
133.9
145.995
138.062
140.438
144.683
138.533
140.98
153.83
146.429
144.947
144.527
153.513
142.195
143.349
133.19
146.422
139.677
141.686
145.182
146.802
136.346
145.759
141.702
145.994
136.236
152.49
140.736
139.158
151.394
163.937
164.638
160.398
165.369
153.965
146.761
135.458
145.51
139.506
141.344
146.256
141.031
141.685
140.614
146.879
147.748
139.157
148.062
149.988
143.728
141.173
152.785
142.177
146.111
138.624
148.609
147.57
152.349
134.396
150.891
145.992
154.537
147.913
154.319
154.975
147.439
161.251
147.933
153.127
154.321
150.64
151.746
148.551
154.301
157.924
143.567
150.838
159.139
148.067
141.336
141.798
153.587
147.496
153.281
144.115
140.116
141.544
145.067
145.375
138.005
170.005
147.76
154.397
151.023
147.385
161.78
151.524
151.559
145.212
157.595
141.538
139.174
135.084
140.02
137.455
143.248
138.039
139.525
152.88
146.079
141.195
138.27
147.151
142.486
136.524
151.022
140.501
143.282
141.156
153.319
147.292
141.367
141.452
151.468
144.253
146.467
141.72
141.331
144.888
136.686
141.26
150.945
140.886
143.377
141.476
156.408
139.713
138.864
158.369
153.217
147.207
137.727
141.475
159.397
139.773
143.338
140.259
146.846
140.975
138.915
152.223
140.585
137.525
141.692
145.67
139.884
139.72
141.954
160.788
165.088
137.546
136.967
163.578
155.121
141.633
147.163
171.963
142.268
150.605
143.967
139.913
156.69
168.338
139.639
145.39
155.6
167.585
138.921
140.446
160.77
157.614
159.473
167.83
148.211
159.282
151.136
169.16
135.848
137.477
161.83
163.704
141.485
139.932
142.088
137.651
139.881
135.66
145.692
145.344
152.878
138.564
152.3
138.607
134.26
152.122
140.415
140.4
143.251
151.61
143.583
137.112
154.895
147.66
139.451
139.311
154.257
140.127
147.133
135.536
153.859
140.531
142.262
139.333
144.321
140.317
137.768
151.009
145.701
145.97
135.692
143.555
139.731
137.789
147.774
140.836
140.148
140.174
142.291
138.12
143.874
147.562
139.106
135.863
147.868
141.234
144.049
134.551
158.699
139.35
138.425
137.128
143.181
135.239
143.876
154.382
145.994
143.009
132.713
152.927
134.454
140.583
142.694
140.253
136.053
139.14
144.551
137.168
150.507
140.122
141.783
132.618
145.945
141.44
139.955
149.457
139.89
141.721
138.436
145.495
145.414
138.75
143.406
146.834
146.179
142.13
139.647
146.835
141.83
140.652
146.572
143.868
139.197
140.266
145.641
139.522
138.056
148.877
135.994
138.809
148.661
150.604
148.281
152.52
153.886
151.408
152.794
139.812
143.841
130.503
142.694
139.21
161.807
153.47
146.239
136.163
135.668
145.803
144.436
144.246
152.064
140.554
140.47
132.703
140.082
137.887
140.162
141.885
145.122
139.593
152.511
151.72
146.799
137.056
137.321
138.952
144.541
138.488
139.608
140.095
133.813
141.86
137.664
135.014
144.935
141.224
136.848
137.606
143.457
142.225
152.361
144.498
148.112
149.247
145.515
144.635
144.618
136.609
150.945
140.917
140.572
134.66
146.352
148.043
141.68
138.713
139.795
142.845
135.099
147.865
146.054
145.229
135.834
147.192
138.934
143.438
142.061
150.771
144.985
139.207
152.477
137.292
139.502
148.012
145.466
138.524
139.383
160.063
144.734
142.56
135.362
140.938
144.144
133.925
139.676
145.339
135.649
137.688
144.558
140.604
138.417
137.684
137.177
147.377
141.531
137.092
144.8
141.076
142.722
137.046
154.042
143.87
139.075
152.26
141.557
145.5
141.388
141.966
140.481
135.702
141.182
144.912
141.696
135.52
145.212
140.813
139.293
139.592
137.636
138.897
144.524
148.023
140.044
151.038
141.304
140.476
133.144
145.182
143.485
140.943
147.632
146.582
136.994
135.52
141.456
142.338
137.611
150.392
141.842
143.287
142.342
147.482
140.561
137.736
147.781
146.028
144.087
138.145
153.968
142.001
139.731
149.587
145.224
147.799
138.558
136.714
145.067
140.091
141.617
145.852
141.506
132.619
151.843
145.338
139.375
135.128
143.907
139.219
133.926
142.979
142.431
137.722
152.476
144.145
135.593
155.506
153.919
140.903
140.517
141.379
144.304
139.505
135.093
147.695
141.446
141.739
138.727
138.913
136.549
144.672
143.868
142.965
132.566
141.034
140.865
135.489
157.428
146.382
140.574
143.326
142.423
137.439
154.599
155.982
137.661
142.684
138.268
142.586
139.141
136.305
147.312
140.984
136.581
158.312
145.525
145.918
140.383
151.867
148.6
145.49
140.309
145.052
149.846
142.231
138.992
138.864
144.977
137.862
135.167
159.665
138.883
141.797
138.765
151.564
139.304
141.445
150.416
145.35
136.18
155.185
144.744
143.631
141.217
154.741
150.738
143.414
139.718
136.417
144.016
138.515
137.511
146.244
138.654
140.052
159.381
139.389
138.595
140.612
140.208
139.229
143.582
144.744
142.236
138.715
144.721
146.718
141.558
136.661
140.546
138.139
138.887
153.973
137.254
139.963
151.289
150.203
141.627
141.23
151.272
142.804
138.303
142.826
150.532
143.728
141.272
137.273
140.428
141.276
139.993
161.535
143.904
144.624
135.384
151.389
140.754
135.266
154.204
152.39
140.137
142.858
137.1
147.863
144.978
142.139
135.602
140.857
135.094
151.375
150.65
134.53
151.86
147.374
147.243
137.694
136.714
138.642
140.902
144.205
140.603
144.744
138.441
155.989
152.183
143.957
139.686
138.848
140.84
136.017
141.413
153.037
134.593
140.115
149.357
141.26
142.927
140.163
143.493
146.067
137.332
148.379
146.383
142.132
140.795
144.202
140.837
142.052
148.342
142.229
140.396
134.762
144.367
145.772
137.824
151.024
145.331
144.099
137.805
149.882
140.503
140.498
141.978
146.823
140.512
135.38
152.616
136.291
136.168
140.81
144.214
136.891
154.61
153.129
154.149
140.058
138.817
145.067
146.115
144.416
139.475
147.174
143.934
140.07
139.656
140.322
135.055
139.303
140.076
135.922
139.667
138.57
142.566
137.478
146.066
135.756
139.38
154.003
144.209
140.847
143.872
141.87
143.099
134.177
153.278
143.421
143.376
136.234
139.636
147.275
134.509
147.867
140.15
144.876
139.094
144.651
137.472
141.081
150.972
153.25
135.996
138.614
143.881
142.611
143.988
166.386
156.002
159.102
165.21
154.811
150.713
151.246
168.608
153.261
154.614
145.649
151.251
139.428
136.218
148.255
161.973
162.695
148.879
151.092
147.345
144.53
153.48
148.592
154.82
139.85
152.379
154.356
149.187
142.086
148.075
159.176
147.872
150.881
165.376
152.451
157.588
159.741
155.487
151.834
158.282
152.734
150.167
147.088
143.381
150.657
146.027
138.253
139.679
143.427
144.269
139.856
154.474
151.083
144.277
140.669
136.073
147.029
143.133
149.374
139.044
142.238
144.831
149.002
141.056
147.818
138.912
140.263
150.248
153.54
147.442
146.96
140.332
161.442
153.379
150.93
145.142
138.927
147.404
144.863
140.001
150.937
139.941
143.1
149.054
144.855
157.957
161.267
147.739
155.336
158.58
154.914
152.904
144.616
163.13
147.577
161.101
151.781
151.051
158.045
152.285
153.2
147.481
165.982
146.811
157.863
147.716
153.695
161.98
157.419
149.423
154.149
152.48
145.31
151.983
150.962
143.984
145.674
166.016
151.281
152.605
161.488
151.275
153.902
153.252
155.281
149.359
144.67
151.532
150.953
158.692
131.784
131.989
158.99
158.558
151.763
156.774
149.329
156.283
158.465
155.365
152.219
148.712
146.094
159.795
145.428
151.601
148.796
142.658
143.417
151.841
146.364
146.248
154.309
145.702
134.451
151.821
153.973
144.633
153.694
141.335
144.82
152.876
143.553
143.56
142.132
151.609
152.143
142.838
140.159
146.456
157.085
149.361
144.029
148.815
152.083
150.648
140.596
135.75
154.356
152.004
145.942
140.257
141.632
152.855
141.052
146.139
141.551
148.947
145.115
139.889
135.875
148.161
140.778
137.646
139.953
142.48
137.248
131.286
144.156
143.491
137.981
153.717
139.92
139.584
151.94
143.747
147.352
135.756
154.176
144.702
145.247
139.065
135.589
145.805
141.678
133.711
144.869
140.759
137.301
144.212
141.834
136.201
151.42
144.572
137.818
142.546
156.858
145.161
140.986
140.784
155.088
146.393
138.268
133.491
141.689
141.757
139.318
153.559
139.354
143.376
131.154
142.348
140.906
154.016
140.678
146.399
139.307
150.78
145.273
135.923
141.365
142.23
144.154
142.501
151.651
142.284
141.884
136.895
140.545
140.793
135.298
154.246
145.151
137.555
136.79
142.949
141.75
139.056
146.268
143.593
142.404
145.659
140.273
140.132
140.443
153.456
142.32
146.859
140.281
140.268
140.047
139.426
138.665
145.993
139.829
136.661
139.699
140.385
152.807
160.132
159.833
158.468
145.707
135.459
134.21
147.778
143.57
140.912
151.54
138.672
143.523
140.772
151.004
140.641
138.656
140.58
139.667
140.369
136.012
141.287
140.063
135.69
140.666
142.578
142.123
159.68
141.624
137.259
135.373
145.165
148.156
138.26
150.1
147.01
154.723
154.031
133.385
153.811
140.56
136.142
135.159
143.035
137.012
139.616
149.121
137.338
140.199
153.958
143.515
143.799
139.192
147.822
145.568
135.375
141.828
146.122
138.761
137.119
158.347
151.062
145.197
136.026
147.994
142.907
141.655
141.567
145.255
137.169
138.322
147.026
139.74
140.658
154.835
159.459
146.452
145.532
141.01
149.055
147.327
139.047
137.509
147.35
143.379
141.991
154.277
145.537
140.798
139.671
148.063
140.367
140.179
147.964
145.622
138.422
135.043
157.006
146.404
138.085
130.203
136.983
138.984
140.635
144.124
137.659
139.93
142.963
138.766
142.616
143.022
137.104
130.905
146.116
143.529
141.901
146.988
139.758
141.258
147.714
152.251
145.348
134.944
148.021
140.635
141.755
140.182
144.502
142.176
138.1
143.202
137.209
139.859
153.434
145.037
143.895
138.109
153.223
143.709
134.343
158.079
154.916
140.093
140.452
140.043
151.371
134.629
142.463
137.023
140.862
140.15
139.7
146.959
146.846
143.391
135.981
145.727
137.495
139.803
146.218
136.719
138.522
148.045
143.707
142.975
138.67
147.541
146.36
153.103
141.093
153.176
148.159
139.199
159.889
131.789
135.926
134.123
152.768
153.46
142.829
142.809
153.559
140.847
140.875
138.802
140.489
138.407
152.623
151.09
143.933
147.071
135.462
145.537
140.465
134.307
151.267
140.519
143.173
138.339
139.342
140.058
150.024
147.6
154.135
154.36
146.195
144.697
144.693
142.107
135.447
145.259
138.379
137.691
147.366
146.665
140.191
137.26
143.198
145.77
133.439
142.222
140.517
134.16
149.089
142.247
136.519
155.195
144.396
144.059
137.167
154.138
145.745
139.677
140.916
143.124
143.46
135.002
155.631
152.221
139.692
138.997
145.812
135.746
139.235
140.143
147.335
140.112
138.867
148.35
145.659
143.455
135.558
145.654
142.207
142.094
147.648
143.08
142.073
133.263
147.256
137.466
133.171
142.319
141.639
136.265
144.5
139.159
139.436
139.774
140.351
137.732
140.514
139.81
144.461
153.941
157.844
138.938
140.618
154.569
149.678
140.213
136.987
145.921
140.515
137.25
140.369
156.426
142.596
144.148
136.587
140.67
138.17
140.014
151.327
146.431
142.954
140.223
145.228
140.11
139.423
150.625
144.591
142.431
138.605
145.011
138.191
137.533
137.616
144.605
141.129
150.973
140.985
139.412
140.019
151.719
139.824
141.21
137.565
146.587
142.915
138.192
145.894
152.675
138.302
136.11
158.31
147.221
139.013
137.162
151.164
140.558
141.818
140.869
147.79
138.585
141.499
152.825
138.814
140.122
131.193
146.821
139.086
137.342
141.828
140.599
140.62
152.401
138.904
133.695
152.002
146.773
146.446
133.242
150.182
139.406
141.591
152.289
143.538
139.566
133.543
139.407
144.381
139.657
150.693
136.339
137.389
153.782
145.297
136.741
142.235
147.697
152.423
158.973
157.1
147.595
148.808
155.104
148.583
166.956
149.4
145.727
156.184
164.246
156.826
148.816
144.578
155.834
142.689
151.985
151.608
142.65
146.364
148.608
141.466
140.892
151.712
139.737
149.745
142.129
138.576
153.996
157.982
153.221
139.707
133.374
147.415
140.503
134.032
151.739
153.998
141.909
141.525
150.554
143.893
141.457
136.937
144.166
138.633
140.534
150.287
138.35
140.347
141.596
154.437
147.137
139.627
140.275
154.061
151.205
139.464
138.462
147.753
142.85
140.73
147.222
150.487
143.117
136.281
144.183
143.528
142.578
139.603
149.417
142.727
140.997
134.301
144.206
142.095
138.053
140.212
134.031
142.645
147.314
142.627
140.035
151.847
146.392
139.688
140.865
149.226
145.278
143.333
138.198
141.041
139.211
135.167
144.1
145.372
140.568
151.103
146.615
141.371
137.159
149.916
140.507
137.121
149.064
139.245
142.65
138.156
155.22
139.168
144.236
145.402
147.085
147.214
140.762
138.948
146.021
135.853
140.913
155.451
141.957
139.795
131.595
144.103
140.531
137.526
139.153
136.575
150.913
140.455
140.567
137.203
148.295
139.888
141.728
156.6
140.911
133.756
137.202
139.47
143.4
140.469
137.7
143.788
137.32
148.72
145.095
140.418
141.387
145.8
139.539
137.902
154.384
141.239
138.522
140.003
149.785
143.926
138.571
151.806
140.549
140.107
136.19
141.063
143.721
135.142
145.921
137.786
140.33
147.817
143.606
137.428
137.277
140.285
139.376
138.484
144.914
141.261
136.733
141.055
136.572
142.27
157.211
140.433
141.91
138.661
145.797
138.487
139.774
139.155
146.162
142.317
153.885
145.551
142.148
134.998
147.834
140.071
135.48
140.569
146.515
136.06
154.408
146.941
139.735
135.337
150.908
140.713
140.513
145.746
150.427
144.966
148.95
140.238
152.519
145.586
138.753
137.186
145.041
147.901
136.531
141.395
141.522
138.141
153.938
147.028
139.455
134.109
142.216
139.793
133.639
144.212
141.283
139.79
147.544
141.862
154.042
154.382
147.821
144.616
152.019
147.834
147.047
146.041
152.583
147.403
143.319
140.183
153.461
145.383
140.73
144.292
150.839
140.491
134.877
143.165
139.709
134.163
146.389
139.535
142.735
146.185
141.292
140.452
141.317
147.344
142.098
138.919
141.375
139.627
144.399
143.938
146.895
138.325
135.073
144.869
144.312
141.609
158.952
144.973
140.026
138.662
142.726
139.621
137.672
151.35
142.452
140.735
131.618
143.818
139.834
135.076
145.643
144.352
142.663
143.93
143.807
133.673
154.316
146.345
140.905
140.446
144.008
136.262
139.615
144.756
141.387
136.7
154.453
145.947
136.254
141.66
144.983
141.852
138.235
143.537
144.543
138.186
147.936
140.62
141.745
137.498
157.175
146.377
137.25
138.91
153.77
144.557
139.96
154.828
159.057
140.733
138.733
148.514
148.165
139.709
137.853
154.163
152.483
143.377
134.177
145.084
145.343
138.185
140.9
137.295
142.183
141.601
145.715
141.257
130.974
143.383
136.648
142.452
143.726
142.619
136.266
147.556
142.646
142.123
143.61
140.938
137.452
135.089
144.458
143.542
133.909
144.323
141.618
137.149
155.222
145.517
140.707
139.74
140.507
138.9
140.514
146.475
141.705
135.787
151.557
145.37
139.908
138.44
145.945
145.924
138.188
149.39
141.035
137.216
154.985
144.758
144.4
141.927
139.895
142.138
142.305
141.215
140.997
137.559
142.84
141.452
140.266
135.186
144.01
136.467
143.269
148.893
141.157
144.478
141.365
145.476
146.876
136.564
137.666
140.492
142.193
141.755
146.489
136.723
140.197
147.787
142.148
143.762
135.755
149.841
140.814
135.326
140.738
137.744
135.054
154.074
145.567
136.312
140.824
152.258
139.72
137.615
153.444
146.392
142.006
135.522
143.925
145.297
141.223
154.321
150.17
143.762
141.081
137.297
137.629
143.719
138.51
145.065
140.228
136.532
144.373
140.968
140.544
156.759
146.408
145.134
141.237
152.432
150.472
139.76
144.749
138.313
148.137
143.024
135.794
138.005
138.94
139.509
138.953
138.915
136.224
147.622
145.26
139.677
142.294
145.732
142.671
140.414
154.209
148.949
146.349
143.506
138.346
149.389
137.237
137.702
140.585
138.148
135.685
142.298
139.673
135.366
137.245
140.453
140.35
139.439
139.675
136.69
140.685
141.501
137.756
144.903
142.638
141.626
140.855
150.755
140.517
136.605
149.365
142.32
138.226
139.576
149.09
145.386
138.829
141.819
148.655
142.579
144.051
140.327
152.739
139.969
142.078
137.054
150.114
142.066
135.877
150.55
142.2
141.225
144.027
151.17
145.353
139.467
137.583
155.486
150.18
143.645
132.228
144.077
141.755
134.993
146.11
144.681
138.499
145.596
138.263
139.277
148.485
140.296
145.42
135.057
140
138.037
139.121
153.682
136.598
140.843
149.367
138.296
135.677
143.363
145.062
144.529
135.445
144.109
144.917
140.783
142.275
145.427
144.663
137.68
147.948
144.439
140.811
135.491
146.842
146.485
136.194
136.409
140.571
139.255
132.403
140.938
137.304
145.669
145.284
139.493
136.982
146.102
139.686
135.597
137.279
142.06
137.991
152.009
140.968
137.187
144.116
151.447
138.722
139.882
136.659
151.264
140.868
141.065
137.752
146.638
134.989
153.372
146.433
140.341
137.125
145.1
139.663
142.044
141.307
145.616
138.623
138.491
147.726
135.772
140.281
152.05
146.526
138.224
138.967
143.101
139.536
137.214
150.389
147.824
135.847
137.28
155.941
147.494
143.209
155.005
150.828
155.118
143.165
143.396
149.308
145.275
139.526
135.429
150.93
151.237
139.881
137.362
141.474
144.198
137.69
149.531
145.587
137.056
151.964
146.548
148.396
140.125
147.697
143.958
136.557
131.236
139.869
134.188
138.823
143.993
143.344
147.81
152.734
145.552
136.662
154.731
153.888
144.182
142.624
143.098
159.524
153.012
153.766
146.467
140.62
147.843
150.161
148.066
147.301
144.596
149.116
144.056
134.748
137.727
144.026
141.672
141.32
142.934
141.44
142.476
148.907
142.567
135.275
145.072
152.793
142.551
143.94
131.473
140.684
136.266
152.1
139.816
138.135
154.147
144.758
142.129
142.108
155.115
147.762
140.182
140.387
149.198
153.644
135.058
138.512
147.802
137.639
140.496
147.946
141.852
135.864
144.182
154.318
144.043
136.965
139.442
146.835
146.799
137.378
150.987
144.222
136.382
141.371
158.764
148.412
145.276
135.462
160.285
159.063
144.461
135.362
139.041
146.498
146.477
139.038
151.035
141.061
139.938
141.86
152.855
146.032
140.423
137.669
146.37
138.898
138.916
156.019
141.229
144.739
136.972
155.588
137.177
142.179
155.533
153.844
145.571
133.76
138.53
145.303
142.713
135.38
147.374
140.56
136.011
139.221
146.377
140.309
148.02
143.622
144.93
141.654
144.83
138.575
141.31
152.815
143.416
137.725
135.578
141.75
138.423
135.537
145.799
139.601
137.2
139.825
134.51
153.75
147.96
148.163
138.079
140.118
156.202
139.808
137.145
131.403
143.61
139.49
135.023
153.198
145.538
139.195
149.273
140.545
138.568
134.65
140.95
136.801
138.198
141.633
144.051
134.87
147.84
139.27
135.361
153.602
144.577
139.727
142.151
151.846
146.861
139.379
138.968
153.338
144.353
136.827
139.198
149.89
147.454
135.289
145.092
145.352
135.748
144.711
145.73
141.222
139.576
148.178
140.22
140.071
135.993
144.93
139.973
137.191
145.876
136.356
140.357
156.364
139.602
140.452
142.068
141.875
139.268
135.408
142.591
141.636
141.461
153.166
148.197
139.307
134.715
144.159
146.867
142.56
132.448
140.088
137.49
146.255
140.623
135.334
132.146
145.46
138.643
154.223
143.549
143.34
140.796
138.533
145.284
136.417
151.307
147.154
144.684
142.924
140.985
140.264
140.44
143.026
152.46
146.528
139.554
138.906
145.913
145.293
142.093
141.225
143.109
136.233
141.044
152.793
140.451
141.84
140.457
140.549
139.004
137.54
150.375
142.556
140.721
137.651
143.38
137.475
153.348
150.685
140.506
137.124
140.534
142.228
140.703
138.956
145.699
141.449
135.494
148.091
146.758
133.64
155.081
153.228
143.079
142.029
143.414
146.015
136.792
142.138
147.709
140.186
142.462
152.236
156.358
139.237
143.405
134.128
143.042
140.79
133.881
147.998
146.929
139.58
154.96
139.689
140.945
142.08
149.877
146.168
138.191
143.317
147.28
140.862
135.021
153.977
145.323
141.617
141.615
146.071
144.843
141.868
140.077
144.521
146.793
139.247
145.759
141.304
140.478
138.714
139.851
138.072
139.784
140.483
138.713
137.816
145.301
141.78
144.102
155.477
146.84
137.628
135.142
144.289
140.95
142.144
145.005
143.159
138.499
142.444
145.118
142.496
142.174
154.181
151.689
141.104
136.696
143.193
140.116
143.538
137.569
159.044
138.178
141.729
148.765
137.71
137.28
150.203
148.302
139.453
136.469
155.891
145.077
139.016
139.915
151.739
140.914
138.511
137.234
149.226
149.309
153.038
151.691
146.984
146.029
140.824
145.656
146.802
146.481
143.364
139.022
145.042
139.274
140.417
149.346
140.821
132.59
144.821
136.141
143.32
131.33
138.049
140.431
154.216
139.987
137.121
139.596
145.971
139.105
137.963
138.268
140.261
133.933
146.385
146.889
142.293
144.857
138.332
142.55
150.967
152.283
138.286
141.232
150.527
146.611
142.891
135.323
158.695
153.109
140.642
141.346
141.342
158.933
141.459
140.703
136.652
147.757
147.011
138.439
150.093
156.743
153.479
144.102
142.019
154.178
152.711
144.616
139.44
132.776
140.67
138.431
140.434
155.43
159.974
149.396
157.675
164.984
148.925
161.587
156.104
147.404
152.827
166.272
160.781
155.184
148.772
162.967
169.935
165.823
151.405
150.907
144.145
162.206
156.565
152.31
163.521
152.215
156.516
151.58
155.007
139.351
143.443
165.544
156.702
153.073
145.035
148.723
139.468
148.227
154.262
139.238
135.912
146.153
139.868
135.586
143.267
146.839
139.659
137.681
138.941
138.168
153.627
146.153
141.862
143.96
139.234
145.564
140.536
136.678
150.569
141.304
140.815
143.25
146.034
136.299
137.415
150.582
139.631
139.813
150.241
143.777
143.485
141.809
151.144
145.35
139.978
154.966
140.041
137.587
137.009
137.597
146.008
139.263
148.797
144.586
139.503
136.683
141.634
141.7
142.112
148.712
140.427
140.653
141.024
141.719
137.129
130.5
139.848
139.056
154.67
150.749
150.108
136.316
137.132
145.272
147.248
135.231
143.198
140.067
134.548
144.225
139.564
137.261
147.974
140.439
141.362
151.212
142.683
137.403
135.009
143.684
141.202
140.857
151.074
139.62
139.868
138.303
143.575
137.725
144.44
151.154
151.421
141.78
134.678
144.332
140.182
140.206
145.691
144.918
140.053
133.479
146.587
135.392
137.537
142.911
140.531
138.637
151.048
140.95
143.755
144.546
148.324
139.876
143.902
133.344
149.334
140.461
140.617
144.711
147.465
141.701
144.062
151.116
140.759
143.594
135.549
141.419
139.121
138.552
151.351
136.218
138.466
151.138
144.554
140.275
141.296
144.089
139.358
136.984
151.574
146.876
140.099
134.536
151.195
142.285
142.177
141.239
158.752
146.738
138.615
147.478
153.281
139.738
135.42
150.26
142.908
163.823
140.245
147.769
140.267
135.482
138.6
143.205
144.027
135.634
152.751
142.183
143.742
157.904
150.656
145.195
136.268
138.805
140.181
139.852
140.832
142.281
139.094
138.909
144.291
138.912
139.952
145.13
143.604
141.765
132.31
142.591
153.501
136.106
141.721
139.475
140.661
147.548
142.277
143.366
148.714
168.753
151.689
143.25
144.812
140.631
150.531
152.998
141.392
134.917
145.947
148.978
139.692
142.23
155.258
143.786
136.708
142.355
149.015
140.671
135.928
138.622
141.812
137.923
141.903
152.866
141.341
136.359
153.086
140.207
138.167
135.69
146.912
143.816
144.97
155.103
146.909
137.761
138.6
145.69
140.822
134.335
151.289
146.812
140.433
140.128
146.979
148.521
138.191
145.904
140.865
141.668
138.791
144.626
140.779
135.465
141.384
139.4
135.081
143.774
138.85
141.85
143.947
135.568
139.695
142.549
140.145
134.502
140.503
140.29
133.863
148.67
146.084
138.315
141.732
146.887
141.333
141.67
150.172
142.75
141.106
140.477
144.509
139.767
137.746
154.038
140.538
140.103
131.375
145.47
142.727
132.264
135.395
135.379
151.628
139.905
138.133
142.054
157.244
140.476
144.501
140.893
144.466
139.396
138
149.634
145.627
139.102
137.223
144.548
145.787
138.502
142.169
145.019
139.977
155.35
151.328
146.07
135.831
144.69
145.604
137.938
135.506
144.71
139.344
136.344
145.828
143.86
135.487
140.944
140.272
140.416
139.358
145.975
138.556
150.895
146.505
137.862
135.113
144.867
141.886
140.507
153.94
145.294
147.12
138.291
153.189
146.927
137.183
139.169
140.901
143.687
138.327
151.201
146.473
140.297
138.823
143.199
141.405
139.255
146.777
140.51
142.033
141.01
142.256
141.201
138.576
143.647
143.89
141.824
151.171
144.947
139.17
141.708
154.156
152.303
145.124
138.339
139.274
140.657
135.928
137.192
151.827
143.107
140.723
144.245
146.05
139.409
142.264
144.767
137.638
142.752
151.191
147.734
145.611
142.154
140.688
146.423
144.62
134.48
147.594
140.651
140.004
133.891
140.661
141.764
135.517
140.091
138.554
134.284
140.183
141.289
134.92
149.344
136.97
140.176
144.912
143.397
138.377
141.388
147.35
141.914
140.515
144.584
146.164
136.22
139.782
146.406
140.465
135.895
149.753
146.667
147.37
150.952
150.212
151.253
144.035
137.369
148.861
141.962
141.599
141.334
147.105
148.151
135.399
147.765
146.996
140.705
135.066
147.048
145.473
144.094
138.087
135.999
136.775
140.227
142.235
137.946
140.638
142.105
144.048
135.142
146.378
142.231
137.115
153.756
143.113
149.628
138.191
139.827
140.871
142.128
139.314
142.774
138.761
138.496
152.055
139.741
134.892
155.563
143.55
138.881
142.09
129.917
140.902
140.278
131.523
136.383
139.015
151.035
153.334
140.955
140.117
149.66
145.26
141.348
139.648
147.716
140.942
140.051
152.23
146.504
139.718
137.686
142.018
142.352
140.388
138.619
154.353
138.716
143.273
139.611
140.559
145.888
135.481
143.18
138.872
137.611
140.115
139.264
133.833
146.894
141.327
138.211
152.166
139.053
138.889
131.283
139.751
139.604
152.04
152.275
144.887
140.194
140.537
140.912
138.544
135.501
144.908
146.413
141.9
147.976
137.657
139.335
151.268
146.695
137.53
137.535
148.088
144.35
139.203
153.778
149.597
147.045
142.19
136.08
149.219
145.621
144.849
137.492
157.532
152.643
144.046
142.666
136.118
152.574
145.8
140.297
139.768
138.205
139.29
135.074
152.41
141.365
134.57
151.625
143.101
136.63
142.965
145.667
144.38
135.843
149.839
145.429
138.539
139.69
153.86
145.177
149.869
140.9
151.014
153.454
143.453
139.398
144.679
155.667
145.295
138.894
144.563
154.653
142.253
136.375
142.557
150.266
138.873
137.095
150.794
147.036
141.016
142.632
153.912
152.254
145.472
140.466
137.888
146.557
141.86
141.642
143.044
140.549
138.652
137.144
140.563
139.792
148.262
146.309
144.895
133.346
146.002
141.862
141.384
140.218
140.373
140.643
131.201
144.11
133.663
144.672
146.214
139.61
141.739
144.18
141.816
142.145
148.443
147.266
137.253
140.166
155.511
141.334
143.352
139.632
144.842
141.45
143.878
154.437
139.72
140.366
141.83
149.683
147.316
137.483
139.83
140.363
135.965
131.636
137.985
138.202
151.706
140.668
140.753
142.164
146.567
139.058
145.28
155.253
152.426
143.236
136.514
139.716
145.321
144.713
135.409
139.525
139.848
135.236
137.648
141.53
137.25
147.082
138.027
139.668
147.244
142.329
138.961
134.426
140.586
135.361
153.948
145.815
144.229
139.172
151.328
140.352
140.493
131.805
142.934
142.12
135.892
145.03
142.554
138.5
144.239
142.995
137.014
144.178
143.254
139.592
155.163
146.781
140.169
138.65
131.748
135.898
138.722
153.79
137.867
140.835
134.636
145.391
139.276
136.785
145.691
140.672
142.467
142.511
141.988
137.19
146.124
153.298
146.025
140.451
141.679
140.473
143.839
138.144
151.435
142.277
135.873
148.147
140.531
137.863
140.299
148.001
145.322
140.437
136.058
145.46
142.603
142.285
140.6
144.441
138.15
148.019
139.222
141.764
136.919
139.788
148.162
158.149
166.638
152.013
146.975
140.577
142.258
150.534
154.107
139.996
142.959
139.639
150.688
141.812
139.071
151.837
144.888
145.632
139.24
138.568
141.061
142.526
136.649
137.074
138.608
141.35
143.872
145.915
140.849
137.332
140.912
151.406
157.186
162.088
149.601
147.795
139.858
138.161
151.186
144.504
140.066
138.494
142.991
138.109
133.489
141.809
141.45
151.389
154.869
143.753
147.789
139.092
131.345
145.279
138.532
153.643
153.244
150.609
142.622
136.245
150.541
139.787
138.889
131.378
142.956
141.639
151.082
149.293
139.471
134.983
141.373
144.573
138.821
147.516
142.121
143.631
137.788
152.113
146.544
145.768
138.778
149.186
144.937
140.236
138.187
144.863
138.943
135.875
144.012
142.567
139.993
152.611
143.462
139.439
134.537
149.158
145.225
142.604
147.683
145.285
139.883
135.562
137.631
136.338
138.722
136.469
135.204
146.382
154.635
140.565
140.925
148.639
149.405
147.906
152.019
149.065
151.849
141.354
138.39
139.328
153.587
136.949
140.139
147.747
140.8
144.992
141.817
154.653
143.708
141.934
138.009
155.187
145.879
141.82
139.653
151.03
150.577
139.591
134.956
153.279
139.907
141.828
136.253
138.847
140.031
139.573
144.704
141.717
138.949
154.244
152.848
140.437
138.951
132.02
141.869
144.928
152.977
147.958
137.969
142.877
138.652
141.851
139.29
134.714
152.208
143.936
139.776
141.764
136.521
137.221
144.995
141.188
141.607
137.387
139.443
138.573
135.472
136.317
139.942
148.047
140.088
142.585
136.478
142.277
141.141
141.025
152.108
144.981
141.064
138.622
156.356
145.371
138.508
140.161
149.789
146.701
142.44
137.384
147.747
143.075
134.622
158.947
139.762
138.784
131.404
142.744
140.379
156.876
148.448
139.689
141.623
135.919
140.963
139.615
135.538
143.749
144.575
140.185
149.138
148.193
139.953
137.263
145.136
140.062
138.507
141.033
141.401
137.783
153.993
141.751
137.032
141.819
157.251
153.264
142.222
137.898
150.948
157.616
147.495
137.156
139.849
150.494
142.685
141.578
131.151
140.078
135.866
143.13
140.546
143.378
150.934
145.542
145.463
138.151
141.008
138.367
137.245
154.021
141.884
142.549
142.984
156.49
147.119
139.39
142.323
140.306
144.962
136.025
148.001
139.71
137.022
153.809
150.916
140.967
139.809
134.383
139.77
141.762
155.059
145.318
140.112
142.081
154.557
143.573
139.903
140.545
150.377
143.385
141.626
150.862
141.383
137.111
137.642
151.147
139.115
138.291
139.218
142.365
141.602
141.686
151.222
145.317
138.762
130.186
143.913
135.456
145.338
142.693
140.481
138.852
147.321
143.069
142.888
139.235
145.441
140.873
142.532
152.428
144.948
138.698
135.835
149.688
141.727
142.775
148.003
139.827
135.06
136.968
146.917
139.246
133.382
153.477
143.748
138.706
136.944
139.775
139.682
138.058
147.212
138.963
135.036
147.337
143.703
140.801
147.985
143.163
137.16
131.414
143.015
141.32
139.309
137.641
144.516
137.891
146.987
140.105
141.664
132.695
144.916
135.844
151.215
142.117
140.116
138.146
153.092
152.156
155.502
154.581
135.394
146.048
143.922
140.763
140.907
142.628
136.56
140.564
145.325
140.302
135.962
154.68
140.942
134.656
154.591
154.36
142.792
140.939
139.68
150.468
137.293
136.515
148.533
144.881
140.681
140.52
145.084
146.017
140.095
150.686
155.455
152.947
151.083
135.88
131.577
139.347
132.059
153.806
146.068
139.314
131.931
146.352
138.183
151.013
151.454
140.317
138.901
147.439
146.634
143.468
138.122
140.615
146.525
139.89
145.895
151.16
146.267
138.873
148.232
141.638
139.258
143.048
140.56
138.895
142.205
138.55
141.705
138.212
140.984
139.775
141.364
152.738
146.849
138.935
137.308
147.333
145.748
141.593
140.654
153.02
142.85
139.917
134.3
146.637
144.072
133.973
157.97
140.813
142.567
136.005
151.219
140.972
141.727
150.525
146.036
142.925
134.254
150.544
153.359
136.38
141.695
152.679
146.884
141.658
139.664
153.31
138.766
143.36
140.401
151.229
140.29
136.776
151.416
140.954
137.082
138.978
146.543
140.233
140.248
137.509
142.663
139.559
139.899
143.152
137.152
141.315
141.894
140.582
138.731
146.497
141.716
137.588
153.843
140.11
146.043
137.67
146.471
144.321
135.816
147.693
145.908
135.77
134.749
144.146
139.03
137.123
147.637
141.484
138.569
152.014
139.384
144.4
135.561
148.713
142.733
138.525
149.63
143.874
140.124
137.269
145.832
139.195
141.841
153.853
147.338
139.96
140.483
141.342
144.084
140.344
154.514
137.196
141.684
138.227
148.51
135.97
135.295
145.172
147.59
135.888
150.578
152.553
140.081
141.333
138.745
146.121
144.803
140.032
148.315
140.878
155.191
156.687
151.563
150.731
142.456
144.731
134.162
153.551
136.165
140.099
151.085
144.203
142.473
136.558
149.551
141.371
143.946
135.418
139.411
138.404
139.727
140.513
139.924
138.611
151.187
140.137
140.3
140.148
143.411
143.668
136.847
153.47
144.148
140.572
138.697
146.481
145.551
143.126
150.181
140.036
140.385
141.425
153.503
142.557
137.899
137.447
143.087
138.199
133.549
140.572
142.904
140.437
149.353
144.507
138.952
139.588
146.055
141.63
134.691
150.413
150.115
135.65
151.236
157.288
147.282
136.686
136.008
143.985
142.159
140.463
146.077
141.929
141.668
138.946
137.646
138.574
136.451
151.455
143.569
143.384
136.314
145.61
145.825
141.378
135.448
146.293
135.306
147.837
146.081
137.262
138.034
148.661
135.956
136.575
143.923
150.334
140.374
141.027
140.521
143.509
135.371
137.713
149.915
138.399
132.041
142.201
139.445
155.36
154.338
144.44
137.09
138.176
150.344
140.968
141.296
157.405
148.174
140.096
140.09
139.807
143.631
138.388
138.384
151.815
146.524
138.069
160.128
155.233
154.582
147.86
139.34
134.207
142.384
138.77
138.292
151.588
142.626
134.255
150.571
146.812
136.231
143.912
154.858
140.68
138.157
136.823
137.291
139.563
131.383
138.584
143.062
147.894
142.304
136.775
140.25
141.642
138.686
138.298
146.916
136.328
134.252
148.014
139.718
137.901
147.948
150.659
144.17
136.623
149.234
143.664
142.68
140.785
147.725
146.062
140.184
140.063
140.142
143.66
139.804
143.124
143.436
138.938
147.741
146.127
140.301
157.161
157.163
138.165
140.244
136.791
142.526
138.896
142.251
149.437
143.811
137.255
147.068
157.611
147.82
154.576
151.852
137.316
143.801
139.465
140.97
146.903
140.534
141.311
149.083
151.943
145.551
139.744
144.816
141.482
138.113
153.741
153.177
149.933
136.223
141.706
150.88
139.032
139.678
159.755
146.701
146.277
141.292
154.94
148.777
141.486
141.663
137.729
148.098
146.514
144.805
131.407
143.046
138.524
130.199
145.725
144.485
134.666
137.664
141.513
138.635
142.571
139.606
136.473
142.308
135.824
141.551
157.378
150.96
141.748
136.032
144.838
144.183
143.149
144.519
143.495
135.827
137.75
148.224
143.988
137.071
150.984
153.803
143.15
136.714
137.147
146.931
139.321
152.375
152.842
140.551
144.552
135.96
142.986
140.749
142.255
155.923
143.461
144.524
140.186
137.64
138.823
140.985
144.833
143.789
137.143
156.527
153.262
145.601
144.458
139.944
152.717
145.77
136.015
138.383
139.513
137.861
143.157
145.722
139.076
140.76
152.407
145.915
142.989
135.668
143.699
147.193
142.319
137.796
143.096
137.184
131.747
142.92
135.843
154.595
153.102
142.584
136.086
135.822
147.606
138.478
137.348
150.324
145.316
141.3
136.038
142.324
145.417
140.986
152.972
142.319
139.782
136.515
144.872
139.413
140.395
147.206
142.164
143.724
138.459
145.612
137.7
139.602
146.038
144.384
140.096
146.097
147.274
136.729
138.549
140.238
138.754
136.961
143.366
145.961
136.958
147.338
141.29
141.253
147.759
140.082
136.58
138.478
140.19
143.024
133.934
146.452
138.609
137.033
141.676
139.614
137.707
143.895
136.852
138.694
146.463
137.557
136.796
153.822
143.493
141.162
143.913
151.798
144.92
134.986
155.158
142.271
139.638
138.193
153.88
145.149
140.129
143.123
148.175
134.707
138.583
140.871
146.744
144.081
139.89
153.782
141.786
139.333
137.338
150.139
145.464
141.778
139.711
146.896
142.127
139.538
144.689
142.192
138.819
135.167
142.351
144.072
137.891
147.722
162.418
162.745
154.588
136.244
153.78
145.107
145.959
139.846
151.16
145.259
142.94
138.157
143.749
139.351
140.475
148.994
145.018
140.506
133.355
152.608
148.511
134.098
142.899
140.498
144.562
144.497
145.33
138.76
148.455
147.705
141.025
142.575
138.729
150.675
151.454
155.055
146.438
137.691
146.352
142.263
140.399
131.204
140.195
136.733
132.067
139.167
137.154
147.836
137.591
137.003
148.966
142.216
139.937
140.634
150.998
142.62
142.984
139.867
140.083
137.234
141.682
139.814
137.898
140.369
150.022
142.114
139.192
131.931
137.084
134.495
149.387
140.474
141.773
147.954
147.565
139.359
139.54
147.642
143.069
139.023
134.251
139.641
139.254
142.379
142.573
135.467
134.75
142.173
140.111
140.556
140.502
141.097
139.646
150.958
142.741
136.249
138.441
137.204
134.828
147.356
140.407
139.879
139.487
138.49
138.626
134.482
146.096
137.018
137.032
151.593
139.781
139.398
147.734
140.348
139.63
138.758
148.115
143.881
141.634
150.747
144.317
147.069
139.346
150.884
140.962
137.541
143.216
143.22
139.785
141.385
144.627
134.142
136.868
158.044
141.774
141.743
139.669
146.584
144.524
141.433
148.333
142.198
143.073
142.023
148.809
147.122
141.717
135.512
141.723
141.739
138.17
131.693
143.037
136.821
143.189
138.585
137.238
148.191
140.662
139.451
151.815
152.388
136.344
136.802
143.957
143.567
137.1
150.846
140.265
143.302
140.486
145.335
138.768
138.197
153.164
139.689
140.318
148.71
144.7
142.588
134.555
150.757
146.532
138.58
138.474
145.584
139.715
136.665
149.345
144.935
139.02
136.229
142.669
146.212
134.338
145.251
141.427
144.382
151.017
140.168
136.925
138.248
144.557
141.25
136.64
144.816
141.783
141.582
148.571
145.592
136.283
142.423
152.58
139.548
140.298
151.031
137.589
142.475
141.437
140.506
142.053
141.296
155.169
147.152
136.322
139.131
154.471
145.624
138.418
139.821
140.087
140.912
138.559
147.453
143.386
139.182
144.371
140.499
138.228
138.618
142.725
140.359
139.627
150
145.68
137.016
138.592
154.633
140.715
140.905
139.433
154.391
142.002
142.335
130.281
142.483
135.307
140.841
144.13
140.326
152.024
140.05
136.318
137.629
137.437
138.568
143.686
150.162
146.786
138.934
131.38
145.322
140.593
154.849
156.01
138.613
145.334
136.462
150.624
143.354
141.922
138.706
150.404
146.086
141.318
140.443
146.45
137.126
135.105
143.4
141.82
133.892
152.723
148.152
136.302
142.093
150.062
143.839
141.586
157.31
150.491
139.339
141.593
130.101
140.716
144.111
135.464
139.766
138.753
144.884
140.121
135.787
131.577
145.359
138.424
152.624
147.578
142.17
139.737
139.876
141.954
142.181
146.199
152.803
139.872
140.545
154.829
153.472
154.308
145.037
136.794
131.661
146.492
136.774
154.334
139.327
142.175
140.596
139.138
137.568
140.261
159.426
141.728
136.54
135.533
146.41
140.151
133.417
151.785
139.767
138.647
152.592
154.587
142.6
142.391
131.118
144.046
140.41
154.722
152.953
143.116
141.313
142.165
150.696
140.476
140.585
148.104
151.51
160.428
149.406
136.892
151.155
139.245
146.892
140.967
154.216
152.502
144.683
142.845
135.502
147.201
142.663
135.667
161.196
156.574
145.175
138.558
135.642
143.936
144.126
134.507
147.647
143.024
134.917
153.083
139.914
136.156
147.369
140.499
140.384
137.441
162.413
151.912
147.155
146.042
137.206
151.333
138.24
139.174
144.875
145.886
141.948
133.455
146.156
140
135.848
140.583
141.366
133.877
140.417
138.445
141.977
153.376
145.242
140.126
137.132
146.072
140.467
139.309
150.921
136.515
140.937
140.6
142.284
140.475
141.358
144.813
142.217
136.894
137.549
137.265
140.436
138.989
139.762
140.765
135.199
141.685
146.327
139.992
161.042
135.425
139.078
140.096
146.972
137.447
136.201
155.673
140.922
144.51
140.008
145.49
140.275
142.504
140.469
140.985
141.421
138.391
146.356
149.971
136.887
148.03
140.216
139.599
134.357
146.622
143.419
151.011
148.045
144.626
159.339
142.588
144.457
147.401
140.548
140.066
136.849
139.941
164.132
138.225
150.933
146.581
142.296
139.062
147.73
146.42
141.864
138.56
145.688
138.429
141.404
139.037
140.322
138.945
142.31
144.646
138.627
150.421
145.346
140.84
135.329
142.26
140.27
135.214
153.795
145.828
141.746
141.859
150.188
145.452
146.31
135.53
139.741
140.031
142.337
150.344
148.23
137.883
150.939
142.694
144.475
138.677
139.232
140.49
144.941
136.625
150.256
138.92
133.874
139.155
138.982
141.383
143.741
144.304
141.357
154.952
151.015
139.333
137.934
142.023
138.062
135.843
138.789
145.994
140.14
149.852
147.78
140.989
143.056
143.361
137.642
140.55
137.172
140.387
138.364
131.637
146.29
138.292
138.178
151.429
142.994
134.228
144.826
139.73
137.269
135.028
140.228
135.332
156.539
144.66
140.064
137.234
141.027
137.902
151.352
144.586
140.815
139.854
139.192
150.293
141.785
140.835
151.332
143.572
139.678
136.579
143.163
136.275
140.874
142.159
139.506
138.59
152.725
140.374
137.771
151.036
151.856
143.088
140.038
149.59
152.96
142.184
138.63
150.886
146.059
141.783
136.238
142.591
144.219
135.375
154.647
143.996
140.323
153.926
147.738
159.995
139.973
139.133
137.178
139.885
134.098
155.814
149.483
138.684
139.25
151.096
145.271
146.224
140.889
148.519
145.634
138.498
138.651
146.892
145.743
139.943
148.649
150.221
137.088
141.318
146.131
157.864
140.074
141.08
146.264
144.669
135.749
137.513
150.767
137.554
140.087
140.785
147.199
139.636
139.267
142.732
136.226
155.271
151.265
146.428
142.147
134.572
154.191
140.99
143.995
135.144
145.26
143.388
141.55
153.814
142.301
142.484
138.261
143.681
139.34
143.643
150.081
139.666
144.851
142.153
150.531
146.754
148.208
135.742
148.674
146.442
137.465
134.724
145.217
143.645
134.663
142.638
143.312
143.771
154.094
141.774
140.452
138.969
151.279
140.336
140.136
140.162
156.847
136.749
139.274
151.052
153.103
145.901
136.129
141.423
140.425
140.133
135.082
146.499
145.316
137.505
147.966
144.537
138.265
138.816
134.709
143.874
131.334
146.555
140.849
137.279
148.006
139.736
142.043
150.521
148.177
145.697
138.269
150.528
143.421
139.707
135.016
148.95
141.878
136.985
150.919
139.841
140.385
140.575
147.517
139.888
137.188
153.698
143.741
142.584
138.855
150.863
154.569
139.122
141.551
151.941
153.273
143.97
142.876
151.256
151.034
141.464
137.933
153.756
155.037
140.084
140.806
142.217
153.401
143.994
143.312
138.308
144.367
137.648
140.016
139.175
137.911
135.926
147.23
156.766
161.487
151.688
154.911
157.423
151.498
168.328
167.772
154.126
151.378
151.179
158.277
148.597
161.289
159.672
160.016
149.87
156.47
165.284
151.137
157.941
144.924
144.421
147.26
149.024
153.687
144.599
141.163
146.286
137.478
147.974
154.579
143.153
149.469
162.105
154.712
165.181
152.226
150.268
153.871
154.32
151.919
154.566
148.688
154.289
147.312
151.882
150.718
147.661
157.193
144.745
153.591
144.664
135.761
147.673
153.499
140.422
138.628
147.984
150.521
152.855
146.453
154.512
149.171
137.715
152.264
144.334
147.669
138.231
151.494
140.966
156.103
154.897
144.28
141.995
153.907
143.333
157.678
139.867
136.884
150.425
142.729
135.362
147.688
142.025
135.022
155.212
154.314
147.695
140.532
138.27
140.98
137.654
140.597
149.298
146.859
139.138
138.93
152.838
144.37
137.545
140.098
142.967
139.634
151.01
140.657
143.806
136.277
143.599
137.003
139.727
150.341
137.082
135.739
145.055
144.928
137.47
143.236
152.109
137.123
136.688
137.69
139.29
135.358
140.166
142.659
140.041
148.042
140.212
137.882
152.323
144.718
147.761
154.058
144.721
145.599
141.135
142.116
153.962
153.646
139.355
142.434
140.852
153.409
141.137
140.363
139.489
142.071
148.554
137.523
150.347
142.656
140.782
158.168
141.804
140.593
138.046
151.578
141.431
136.694
138.626
141.21
146.054
140.828
138.041
140.839
140.044
154.206
146.411
140.944
138.322
131.479
143.441
138.651
144.965
144.575
135.302
150.81
154.631
134.186
140.865
148.23
145.755
143.8
140.353
157.875
145.803
138.377
137.229
144.734
141.688
136.613
144.625
145.026
135.86
144.643
141.198
143.288
136.871
138.43
141.66
135.021
148.661
139.032
138.619
161.918
150.629
140.537
141.234
155.082
153.617
140.546
135.558
148.684
140.576
139.69
143.487
140.514
140.835
141.619
146.441
147.334
136.854
150.39
144.606
140.866
140.472
153.892
152.367
146.455
135.814
140.19
138.175
139.74
137.513
139.217
138.342
137.606
139.392
139.604
150.587
144.65
138.921
138.35
144.966
147.191
138.838
155.077
148.525
147.318
138.908
137.113
140.648
136.696
138.78
140.432
138.536
141.496
152.749
142.248
142.025
130.122
140.868
140.724
154.391
137.64
137.143
137.406
142.287
143.09
136.696
148.622
149.473
134.712
144.586
151.721
140.793
139.612
154.655
154.61
145.264
140.262
137.495
154.251
148.491
146.758
141.401
150.324
140.003
134.918
150.383
147.333
143.904
140.331
131.683
147.79
145.338
144.919
143.987
141.416
143.05
148.766
147.153
143.918
143.526
141.952
159.441
145.434
140.54
132.96
150.587
141.004
140.255
151.684
153.365
142.67
140.459
138.46
140.129
145.447
135.91
138.259
137.589
136.076
143.968
145.712
139.27
145.223
139.147
135.5
147.319
141.865
140.773
154.134
151.617
140.515
135.02
140.362
140.211
133.393
145.338
143.984
139.638
155.567
143.816
139.116
135.663
153.939
145.091
138.254
139.721
149.869
145.688
137.895
157.522
149.439
140.55
146.073
141.225
149.415
137.843
142.079
148.392
140.951
139.345
138.431
153.035
148.315
159.985
145.837
139.985
140.227
135.876
150.98
140.659
137.889
141.009
137.304
136.081
137.082
148.957
141.788
139.992
151.391
140.5
136.283
142.166
150.237
136.962
139.554
145.19
138.299
139.488
154.647
159.446
144.475
137.493
135.891
153.08
135.435
139.941
151.778
157.492
154.26
139.637
138.511
152.376
140.818
139.881
138.514
143.813
140.486
135.177
147.67
144.612
136.697
148.972
142.761
141.489
141.43
144.548
144.526
134.672
147.502
142.713
135.501
150.879
148.243
144.566
139.451
137.833
144.005
144.463
139.125
152.377
145.883
137.192
134.19
140.641
135.341
137.204
142.292
140.389
140.481
149.486
139.712
137.261
147.781
137.605
144.089
138.114
156.724
159.071
143.06
135.622
131.383
138.972
140.274
151.742
146.536
139.561
141.717
147.874
146.267
134.188
146.504
146.179
143.295
139.104
150.414
140.675
139.116
140.105
147.673
141.849
138.178
147.609
145.191
139.845
142.052
140.576
142.974
140.173
153.32
145.261
139.935
154.34
154.787
151.983
144.375
139.285
147.754
138.398
134.142
145.566
139.865
145.438
158.726
165.428
154.82
145.373
145.677
133.08
144.632
137.056
135.859
150.996
144.653
146.932
137.791
144.68
140.558
143.756
151.91
153.218
139.128
138.904
157.288
148.234
152.478
144.619
141.75
139.738
144.548
137.643
136.406
140.542
143.788
139.175
152.335
158.65
140.47
138.226
138.303
141.397
142.542
138.126
154.137
136.366
151.291
158.89
153.088
148.857
146.811
140.445
141.43
153.864
152.048
140.4
136.255
155.254
140.842
140.068
139.503
139.789
157.511
155.45
140.179
140.917
145.697
133.497
147.653
139.774
132.422
150.973
147.262
144.582
136.754
140.587
137.84
134.824
145.767
142.791
135.278
153.573
154.482
150.804
150.408
151.067
150.5
151.105
146.364
136.29
136.278
140.568
146.197
133.443
146.479
144.422
134.584
146.246
148.75
143.051
135.496
147.713
140.523
143.654
152.433
145.254
141.055
140.145
153.893
146.409
140.474
135.682
155.78
152.046
144.141
137.436
147.933
146.092
135.89
136.52
149.492
146.922
142.266
139.935
150.32
142.217
134.512
151.023
142.697
139.885
135.168
145.045
141.711
140.396
145.441
139.751
136.87
148.342
146.867
144.152
140.44
150.417
147.738
135.884
137.314
144.707
138.971
137.648
145.212
144.602
139.529
152.164
145.273
145.82
142.826
146.603
136.294
139.292
147.931
140.492
140.329
135.671
137.665
141.303
140.621
144.052
145.983
139.216
136.16
140.159
138.229
141.977
145.407
141.243
135.501
150.291
144.536
140.324
140.004
137.693
139.409
137.45
137.571
140.3
137.866
147.305
139.784
139.613
151.525
144.892
141.534
139.688
144.203
140.15
139.646
154.453
143.5
137.225
139.294
144.017
142.577
137.285
150.372
146.526
139.34
142.871
146.488
146.147
141.698
148.671
154.404
148.111
140.116
139.338
139.697
139.562
143.328
146.98
144.223
138.981
152.189
144.293
143.969
138.827
150.613
143.102
138.248
138.741
145.511
138.366
140.023
151.842
145.709
138.897
136.185
140.386
137.475
138.901
136.701
142.555
138.377
144.255
138.92
135.329
140.997
138.249
139.36
157.707
139.67
141.921
144.602
139.851
143.769
140.502
141.347
146.336
143.399
153.834
147.892
140.578
135.763
144.767
143.004
140.364
148.842
153.674
144.462
139.915
131.529
140.568
135.021
147.642
141.875
141.648
155.555
147.328
138.616
137.074
154.092
139.355
139.861
150.91
151.63
146.337
138.751
134.573
138.358
138.903
131.613
145.76
138.094
143.637
144.419
143.193
140.387
145.11
141.287
137.436
144.99
143.237
142.498
135.368
148.405
143.931
140.301
144.964
136.504
139.215
152.776
143.929
138.667
135.636
140.298
145.365
135.459
150.447
139.562
142.668
131.6
137.434
139.229
154.224
144.935
140.062
143.258
153.967
140.939
137.343
138.51
144.181
141.565
137.222
147.708
136.312
140.457
148.072
145.706
144.673
142.375
141.744
147.812
141.191
134.856
141.283
140.28
151.182
150.478
134.249
142.544
140.93
140.089
144.206
147.496
147.996
141.839
139.618
140.57
147.327
155.445
158.2
155.495
147.968
147.826
141.947
140.743
140.168
155.403
152.395
152.617
134.627
153.891
153.03
144.22
139.703
140.18
147.22
146.038
135.028
149.297
140.998
139.697
148.596
151.674
141.633
135.414
148.032
139.851
142.064
158.238
161.848
147.779
146.404
139.317
138.93
145.19
146.23
141.849
138.078
153.201
145.07
141.616
154.267
158.63
142.639
139.382
141.832
140.489
139.743
134.264
145.004
142.546
142.526
145.237
140.105
137.396
160.296
150.307
146.096
138.571
141.875
144.532
143.078
137.392
149.727
147.391
137.086
142.257
151.483
143.918
136.256
138.804
136.217
143.801
152.043
140.938
140.879
135.777
144.201
137.563
138.512
142.275
138.884
135.491
148.598
142.179
141.622
144.708
152.534
139.517
135.41
144.936
146.339
139.411
159.808
151.811
143.955
142.643
138.245
140.015
136.859
138.733
148.505
140.17
133.088
147.77
140.184
138.284
131.412
143.032
143.372
137.329
151.853
140.176
143.587
140.762
141.773
144.274
135.875
144.338
144.261
139.214
152.402
152.842
145.538
144.539
138.361
145.257
139.61
136.56
151.565
159.596
145.651
139.585
139.101
154.373
146.811
142.861
141.502
150.791
140.734
142.305
141.067
141.815
139.134
138.807
143.98
138.779
137.73
144.317
141.404
136.431
148.984
144.715
140.87
138.381
141.697
140.173
135.236
150.723
141.469
140.483
150.932
153.263
146.113
142.247
140.099
137.719
141.569
140.19
150.293
148.874
152.647
147.884
146.498
147.125
144.776
138.91
148.106
146.267
137.774
137.021
140.956
145.866
141.798
144.721
143.08
141.198
154.569
151.05
152.742
137.066
139.937
144.791
139.316
143.311
139.597
144.07
142.209
137.484
143.944
139.453
137.507
143.573
143.228
138.702
152.06
142.247
136.496
143.595
148.099
139.703
137.441
131.227
146.475
141.962
140.613
140.412
137.357
153.501
147.194
140.092
138.088
147.426
166.029
154.763
142.131
140.055
135.094
137.566
143.506
138.81
144.62
144.722
135.583
145.3
140.828
144.517
149.286
140.036
143.871
142.119
147.893
145.981
146.644
137.658
143.911
143.143
137.159
157.315
141.278
140.333
139.911
135.728
139.995
145.683
147.308
148.883
172.12
148.321
137.83
151.06
141.903
138.848
140.323
148.961
143.927
138.587
144.743
142.659
136.652
142.369
144.727
145.554
141.584
137.315
142.348
144.594
140.157
149.953
139.101
142.162
137.562
135.498
140.512
141.605
144.561
141.876
137.517
151.016
143.147
138.733
135.995
138.792
138.215
135.97
142.85
136.474
142.383
152.111
143.355
141.705
135.513
146.026
141.643
141.566
151.561
140.947
136.974
158.119
151.14
143.511
138.523
136.101
145.707
139.591
137.736
150.138
138.265
142.556
151.931
153.055
140.529
141.639
147.848
143.054
140.152
140.777
152.204
144.602
145.163
133.751
149.829
140.931
135.016
150.98
140.541
142.131
138.478
141.468
140.713
139.645
145.657
141.334
137.205
150.665
142.739
143.931
134.942
140.071
137.171
137.963
148.751
143.078
138.185
153.15
140.492
141.756
141.401
140.465
146.467
135.813
140.46
145.063
145.713
139.258
147.062
150.388
138.861
151.843
150.162
141.452
134.055
152.21
140.955
141.264
139.951
147.117
137.906
140.398
144.701
145.652
140.012
153.76
153.817
143.156
142.065
137.271
147.785
139.013
142.227
131.598
136.947
141.234
148.084
149.269
141.347
139.977
154.815
140.497
146.751
142.503
153.961
139.861
138.566
144.449
140.631
138.733
142.826
154.855
140.164
140.062
134.357
150.722
142.956
141.985
139.682
139.613
135.803
153.771
138.592
139.059
141.279
149.662
139.173
137.55
145.148
143.018
137.316
131.368
144.958
136.215
138.838
139.835
140.799
155.094
137.167
139.418
138.738
150.653
135.492
141.816
139.263
146.411
143.442
136.696
142.284
138.705
142.164
146.764
146.841
142.199
140.692
145.703
138.603
138.331
154.011
136.262
135.573
129.674
141.343
139.433
147.842
143.154
140.906
135.701
151.162
143.014
134.955
159.61
143.699
140.438
139.733
153.887
147.685
144.152
139.145
150.934
146.745
143.578
135.157
149.6
140.715
138.211
155.068
149.219
140.569
139.741
148.682
141.358
140.09
139.638
144.791
139.789
137.515
148.115
146.257
138.535
154.257
149.463
143.093
141.174
131.941
135.781
140.169
146.139
148.609
135.477
135.847
147.61
139.674
135.928
146.16
139.357
136.743
141.024
140.539
140.205
147.954
153.446
142.246
137.139
129.673
138.29
139.348
150.917
146.968
146.381
141.923
143.079
141.473
136.457
148.676
139.727
143.757
143.573
153.885
146.106
140.52
138.194
153.415
141.718
141.358
154.134
152.047
146.291
141.83
140.016
152.402
140.984
137.499
131.404
146.426
137.462
131.366
146.519
136.505
150.692
146.079
136.957
134.462
152.724
137.169
139.783
151.2
145.302
143.395
141.48
154.028
144.91
138.6
138.426
140.704
136.194
138.848
146.537
136.31
138.013
152.767
137.589
138.508
149.075
139.405
137.543
150.912
138.041
138.807
129.984
146.355
136.674
135.245
142.767
144.442
140.54
146.927
143.158
141.187
157.551
148.054
143.918
138.194
145.621
149.431
140.459
132.632
145.03
140.113
135.795
147.671
135.365
135.439
139.24
145.654
142.163
138.34
151.522
145.678
136.226
152.498
154.34
149.571
144.157
145.502
147.693
155.892
142.037
138.612
146.393
145.26
138.106
151.058
148.035
139.206
138.241
151.199
141.027
140.502
138.901
154.326
139.279
141.966
140.076
145.416
139.319
131.836
141.641
140.132
140.441
146.384
139.811
142.028
152.377
145.673
139.809
134.338
151.832
140.623
138.178
141.264
140.727
141.632
141.012
152.502
137.628
142.113
148.731
146.314
143.185
138.217
149.496
141.418
139.612
135.192
145.5
135.442
131.385
143.377
140.572
147.318
145.683
140.242
140.6
147.906
144.179
141.587
141.797
146.371
140.468
142.009
155.244
148.77
144.967
135.929
147.74
141.046
138.817
141.345
144.578
140.019
139.635
152.355
140.77
138.021
144.712
153.321
140.527
141.318
141.436
146.381
138.286
139.306
144.573
143.672
136.948
147.94
140.216
137.336
136.689
142.862
137.454
137.808
142.987
136.921
139.043
147.131
148.529
139.311
133.333
144.859
142.529
136.996
149.088
147.89
146.053
137.207
151.371
137.743
139.236
147.557
152.437
138.083
138.594
136.411
146.742
138.351
139.256
142.668
143.436
135.793
154.643
136.021
137.004
156.504
149.348
143.863
137.153
150.942
137.623
145.034
141.636
154.159
144.134
144.914
137.851
145.02
146.027
138.333
138.409
141.076
140.837
135.074
140.967
144.413
135.457
150.139
144.347
139.801
155.098
140.92
141.661
135.051
144.803
143.744
140.682
132.38
145.259
133.991
144.913
141.82
136.149
144.731
146.102
136.877
136.38
157.181
141.449
141.701
136.351
144.301
140.323
143.137
150.506
138.13
141.249
149.216
139.773
141.496
135.627
143.823
141.356
136.454
155.995
144.124
140.358
137.611
140.593
141.261
140.173
147.058
146.933
141.34
135.112
147.336
139.729
142.149
143.99
142.73
136.657
150.962
145.649
138.137
139.769
140.52
145.814
136.202
152.526
143.665
137.368
139.189
140.288
143.124
137.574
145.954
144.051
141.302
151.775
142.895
144.507
141.03
157.954
152.174
139.394
145.233
135.622
146.355
141.798
141.726
153.836
141.479
142.326
136.624
135.083
144.701
138.698
146.283
139.739
135.795
149.456
139.763
138.242
154.417
152.869
138.673
140.764
151.671
152.227
141.78
140.037
154.798
147.194
135.932
136.749
130.628
138.582
136.319
146.219
147.271
140.091
147.817
158.412
146.528
146.541
143.406
139.191
140.022
142.143
135.39
149.635
141.003
137.703
131.35
140.803
143.017
154.85
148.988
140.208
138.803
144.909
140.961
146.11
139.422
152.608
141.468
142.063
144.68
141.042
148.5
135.856
144.961
139.43
141.458
152.162
151.545
142.611
139.786
137.437
140.626
142.264
137.997
141.271
141.82
135.476
156.919
146.974
142.134
142.617
140.188
146.229
136.106
146.787
143.495
142.911
143.377
153.008
139.723
139.659
153.826
153.029
140.607
134.91
148.788
139.457
138.96
136.08
152.634
145.664
143.121
135.499
153.25
136.991
140.372
148.897
150.861
140.305
135.577
150.086
145.403
141.194
148.388
158.35
148.16
155.075
145.807
137.855
151.514
146.534
138.065
151.406
149.031
145.106
136.965
154.555
157.943
139.955
141.977
139.268
153.259
143.551
142.147
151.736
150.977
145.892
140.976
135.751
146.377
137.914
134.166
146.098
138.085
137.469
143.577
138.931
137.343
148.519
154.433
137.522
139.08
143.875
141.79
137.95
149.774
139.752
139.943
154.834
148.177
143.716
137.502
139.086
151.017
142.619
144.701
130.24
143.132
144.673
136.117
141.364
145.351
138.47
147.304
143.199
139.905
153.072
149.291
139.785
139.683
154.346
135.766
142.175
143.286
153.299
141.264
140.289
138.435
141.881
136.221
140.691
157.505
140.953
140.041
153.977
145.819
145.301
138.846
146.091
137.122
144.11
133.983
140.287
144.458
137.737
139.251
142.146
138.412
153.613
140.413
139.045
137.765
142.326
144.364
153.015
145.945
147.286
144.319
135.048
150.979
143.891
141.766
138.535
153.191
146.134
137.741
134.319
142.365
139.773
140.276
144.209
144.32
142.364
142.108
141.884
142.856
151.902
150.141
140.078
139.774
138.844
138.775
140.063
134.906
148.25
135.933
134.717
140.714
140.064
138.59
153.634
139.236
137.78
139.726
143.965
144.905
135.848
140.492
140.593
133.337
146.11
140.164
137.093
151.553
144.714
140.488
139.631
151.631
139.843
139.388
148.002
152.2
139.534
139.992
136.11
146.492
138.89
141.977
141.053
144.174
135.776
143.159
145.59
135.649
146.061
140.968
147.071
130.191
142.327
140.88
140.436
148.261
141.368
140.839
147.4
145.357
143.898
143.77
140.567
140.954
134.92
149.631
146.399
139.77
139.77
139.085
141.843
134.101
145.441
138.067
139.477
145.125
143.509
139.834
147.525
144.925
137.31
136.627
142.08
138.45
139.137
150.364
144.078
138.141
153.827
141.483
144.251
138.241
144.749
138.298
138.967
155.116
145.161
139.956
140.438
141.1
138.41
141.786
145.264
136.144
135.48
140.198
145.606
135.366
144.773
140.826
134.203
160.249
143.94
143.941
139.914
139.264
141.67
138.101
138.382
140.713
137.498
141.969
140.926
143.828
140.178
150.443
147.604
149.076
149.425
140.463
139.62
138.727
150.855
152.638
135.523
135.466
147.49
145.298
141.535
136.39
155.959
146.791
144.628
135.385
145.605
140.175
137.848
159.144
143.66
140.896
138.345
150.883
152.413
138.039
140.639
145.68
140.053
140.476
140.489
145.322
138.328
155.337
144.764
147.762
138.146
138.48
139.76
140.012
141.775
158.036
140.712
138.587
132.973
144.049
137.355
139.763
143.767
144.892
142.268
140.839
147.302
137.092
142.31
156.772
142.719
144.274
135.069
152.464
140.982
139.707
155.803
151.967
145.244
143.102
144.751
131.751
139.743
137.864
147.951
143.782
144.096
138.823
141.131
138.264
138.574
144.74
139.635
139.773
144.748
142.138
142.924
161.209
141.265
140.139
136.485
150.775
137.655
140.116
132.281
149.314
144.44
137.085
143.668
139.783
138.381
134.627
137.666
153.084
145.028
138.137
148.685
146.252
136.553
134.782
140.498
140.487
131.959
146.49
162.547
152.107
154.986
146.357
140.214
136.388
153.551
142.645
142.814
150.701
146.967
139.054
134.108
145.755
143.244
140.196
155.981
137.655
143.782
152.023
145.473
144.841
139.042
139.094
137.074
152.213
153.681
138.267
146.578
140.726
140.853
138.718
140.019
142.292
155.223
154.48
146.833
137.135
149.494
139.596
140.397
148.659
139.842
137.356
154.412
146.843
141.245
135.226
152.626
142.97
139.408
150.685
147.724
141.12
143.318
148.23
140.381
160.791
152.135
158.276
152.79
140.934
151.22
150.872
154.904
151.955
144.389
142.05
139.783
132.992
142.224
143.557
134.778
140.889
139.233
148.43
146.459
139.981
145.543
143.138
134.108
144.904
141.562
135.273
147.773
143.956
137.511
146.041
140.155
138.746
157.095
139.719
137.234
132.094
138.304
138.298
144.528
139.338
143.298
149.561
140.86
137.49
144.263
142.209
135.573
147.997
141.989
137.43
140.331
142.656
142.131
140.079
139.883
146.078
141.973
138.26
141.701
151.047
136.951
141.412
147.651
140.41
134.333
145.278
136.614
138.557
140.358
140.047
135.91
137.611
138.879
144.294
140.294
134.789
148.79
146.008
137.094
146.527
137.161
131.661
139.462
141.788
152.519
144.239
139.976
149.752
150.99
138.068
152.737
142.231
142.022
135.214
146.489
138.844
148.53
148.709
142.459
138.416
150.628
144.57
139.4
154.029
145.273
142.517
142.2
139.201
139.87
133.556
151.71
136.33
141.429
144.065
136.556
134.774
146.512
142.07
139.259
142.596
135.336
131.985
140.99
138.275
149.364
141.302
141.595
142.282
153.228
145.193
154.212
147.645
147.233
147.878
143.316
141.766
141.33
146.464
140.977
131.583
143.019
144.022
138.065
140.59
142.497
155.029
144.836
143.754
143.302
143.068
142.458
140.105
140.556
140.119
137.177
144.906
139.372
139.853
144.571
135.834
134.592
141.955
138.531
138.854
145.35
140.159
143.272
140.663
140.121
141.871
139.934
135.792
146.023
146.087
137.351
135.716
143.787
145.568
146.766
135.818
148.997
153.238
140.517
139.109
148.329
141.742
133.818
143.49
138.929
131.729
145.546
141.72
138.265
140.176
142.996
137.125
140.727
138.069
150.965
141.227
144.549
135.464
145.9
137.642
136.53
143.642
140.398
135.467
153.221
142.649
139.449
152.211
146.22
141.497
129.88
139.777
134.133
143.878
141.263
139.693
143.189
139.001
136.025
139.728
141.572
158.28
141.465
143.179
137.681
146.063
142.214
135.637
146.132
139.274
151.373
140.621
138.348
146.884
144.995
144.53
138.133
148.494
137.638
141.138
146.757
138.538
154.32
145.645
141.735
138.122
153.232
140.421
137.125
154.4
143.1
139.521
150.826
146
139.65
151.727
145.018
138.826
151.67
143.22
140.873
140.182
155.085
153.023
149.077
154.988
152.423
147.842
147.346
154.655
152.059
148.878
139.902
135.665
144.905
139.522
139.699
140.575
137.244
129.892
140.093
136.972
155.165
146.569
138.628
137.539
143.252
144.547
137.937
140.442
137.089
137.433
153.611
137.615
139.423
140.139
144.223
142.825
149.624
139.78
133.992
151.113
142.633
140.066
139.961
144.457
134.696
147.589
149.515
138.612
135.121
139.281
145.616
136.7
137.618
142.235
135.811
144.879
138.933
135.496
140.04
135.927
147.693
142.161
140.517
139.027
146.461
137.874
135.918
152.51
140.572
136.223
146.585
144.192
141.346
142.193
141.982
133.765
146.796
135.775
154.245
148.492
145.625
139.627
143.197
142.989
140.79
129.828
141.568
142.426
152.429
145.513
135.399
146.898
138.408
136.455
145.545
135.45
158.246
156.824
143.877
147.183
141.904
145.081
136.234
135.715
140.44
138.15
154.39
145.456
139.668
138.541
144.524
136.305
151.213
145.229
142.112
131.93
141.444
135.906
145.646
134.267
153.335
143.552
139.833
150.373
141.818
138.51
144.478
142.647
140.369
157.435
153.65
142.873
139.12
139.693
142.864
136.424
139.091
140.583
135.668
153.845
146.031
139.283
134.96
141.469
138.631
150.907
148.131
145.33
145.336
141.388
147.882
142.617
147.002
146.442
142.205
139.272
149.748
140.738
135.886
146.842
140.145
137.405
146.392
144.44
138.532
139.413
137.333
146.31
143.894
140.157
136.814
146.441
140.695
137.363
148.989
141.954
138.839
151.572
144.104
140.96
138.529
144.133
142.708
137.241
146.493
143.268
138.287
147.816
135.079
134.695
151.348
143.119
139.959
150.706
150.329
138.511
140.394
141.08
144.528
137.566
146.849
139.657
150.749
137.734
139.898
141.699
140.195
141.618
157.602
148.247
153.178
143.863
142.25
138.214
140.078
140.76
140.009
133.763
147.562
137.57
140.127
147.936
143.105
142.214
137.141
134.22
136.644
137.965
138.341
155.578
148.969
144.189
137.89
153.912
140.834
144.398
135.994
137.888
135.776
145.279
141.33
136.895
151.272
143.132
138.674
154.676
155.959
146.814
140.314
150.349
157.019
146.22
143.402
137.954
141.379
138.17
152.031
144.534
143.606
139.715
137.628
140.543
142.016
144.429
141.626
139.651
146.396
133.38
131.299
141.83
141.715
137.716
143.074
140.191
147.112
148.461
136.865
147.737
139.688
136.797
140.675
138.244
146.972
140.525
140.051
140.446
139.822
137.487
139.593
142.993
140.816
133.769
140.494
140.539
131.317
146.377
141.283
131.606
143.522
141.634
151.247
137.087
135.449
138.811
141.255
133.595
143.164
140.007
133.539
140.286
135.362
144.931
150.502
149.877
141.361
148.372
152.923
139.997
148.591
149.425
147.01
140.076
151.86
145.3
150.933
136.915
156.764
141.376
136.784
150.16
140.697
140.003
144.285
138.564
134.946
142.198
142.674
138.346
141.124
144.775
137.678
150.263
139.903
130.257
147.443
135.578
144.536
138.657
140.516
145.664
140.215
143.529
147.1
141.033
141.352
144.818
143.174
139.819
151.217
141.014
137.995
147.622
140.578
140.107
140.051
143.546
140.295
135.453
134.505
133.811
146.866
140.882
138.563
146.018
140.183
139.355
145.602
140.006
130.018
140.477
138.841
139.34
144.023
138.865
145.512
140.33
150.23
146.518
140.124
136.728
151.893
139.669
140.374
154.218
143.777
140.709
136.992
144.934
138.926
133.107
145.737
144.098
135.517
144.857
146.176
142.911
143.232
144.128
131.388
141.786
142.756
158.176
159.017
145.657
140.773
151.772
141.062
136.955
152.898
139.263
140.118
141.782
138.32
151.234
137.09
136.178
142.211
139.347
135.917
139.581
134.271
137.194
146.522
140.443
129.97
141.889
138.204
154.17
141.805
138.147
135.651
142.62
141.228
149.867
146.393
140.157
131.182
138.613
138.794
145.644
141.283
140.274
146.513
136.928
147.897
152.25
141.159
135.892
140.327
138.372
138.806
140.604
138.601
136.812
142.163
142.757
141.279
140.562
140.04
132.043
143.41
141.571
147.938
140.971
136.874
148.399
141.661
140.371
151.091
140.861
136.576
142.012
159.419
144.052
137.83
145.409
139.926
139.606
147.743
145.017
141.571
131.279
140.924
139.776
140.846
136.953
139.991
140.532
140.327
150.976
145.929
144.891
137.027
139.133
138.673
133.415
146.257
144.036
138.982
150.558
137.608
135.912
148.023
141.055
141.304
137.648
140.646
139.262
151.152
144.251
139.202
153.796
146.304
140.793
139.732
146.051
139.296
135.106
140.18
137.024
141.414
143.048
141.803
140.533
144.497
139.881
140.138
140.868
141.336
145.671
139.81
140.817
147.288
150.915
147.792
150.943
154.235
139.716
140.01
138.304
151.587
144.512
140.341
151.313
154.884
140.048
136.562
143.161
142.226
131.628
144.587
140.728
143.221
143.549
139.528
145.147
145.889
138.067
151.928
143.054
142.166
135.387
143.118
137.079
146.947
151.117
146.021
138.594
140.323
140.531
140.425
148.463
153.917
144.128
137.507
135.103
140.47
135.134
139.674
140.908
135.781
137.73
138.193
147.616
141.818
139.937
132.223
141.225
134.182
141.999
141.424
151.177
154.198
154.159
155.785
131.544
140.129
135.636
140.596
140.406
136.128
142.097
136.67
146.878
140.634
142.327
147.837
158.489
145.151
146.638
146.594
139.402
139.644
141.744
140.455
139.237
140.964
137.158
147.774
137.099
135.01
141.055
140.96
133.464
142.976
142.128
141.241
139.077
135.707
138.729
139.844
139.32
140.593
141.789
140.223
147.489
146.295
137.554
151.051
141.763
145.741
139.988
143.979
140.084
130.187
144.597
137.704
155.135
159.605
138.259
140.394
145.107
146.813
137.276
156.934
147.327
141.697
138.762
145.035
140.593
130.55
144.945
143.085
160.255
147.39
140.602
135.587
147.626
140.657
136.519
153.95
153.556
142.017
143.337
157.441
144.509
139.429
148.585
151.593
142.73
136.066
137.592
140.872
138.472
144.808
139.673
142.106
145.335
137.191
138.228
145.652
138.147
141.74
137.685
138.06
132.416
136.628
141.2
147.073
143.534
141.152
145.337
144.183
138.554
149.112
141.702
133.458
140.452
141.728
139.199
146.434
139.925
131.487
144.434
142.228
138.022
143.253
134.661
139.01
138.742
143.404
140.068
143.615
143.683
144.939
139.297
131.554
142.67
138.082
156.529
140.119
143.056
140.132
145.659
145.303
142.157
143.411
140.751
138.495
144.464
139.099
141.214
146.527
140.417
140.522
142.173
140.467
139.727
158.618
139.386
143.011
138.275
151.118
149.672
152.572
153.508
146.62
146.063
143.239
135.533
146.942
138.541
137.456
147.279
144.387
131.251
145.029
138.299
145.618
146.469
138.629
150.487
144.998
139.009
134.318
139.759
140.158
154.268
144.904
139.487
141.708
145.857
142.636
140.895
153.739
137.605
143.417
148.161
146.496
145.733
139.667
153.513
144.744
141.661
142.656
143.677
137.42
148.959
140.999
136.897
143.179
139.293
144.582
153.489
142.862
140.323
161.302
135.376
143.02
138.533
153.535
139.089
141.438
141.924
142.546
144.564
147.591
140.492
143.344
135.729
144.201
141.682
136.847
140.116
142.129
153.651
151.795
141.036
135.445
143.529
140.864
141.889
149.674
143.37
138.14
146.078
144.305
142.434
145.723
136.559
141.756
146.532
142.899
137.814
140.536
144.429
141.59
151.611
138.623
138.721
141.461
146.468
141.327
131.961
142.206
140.067
145.65
136.958
140.496
139.369
139.318
154.047
155.413
140.227
144.714
142.051
137.691
139.658
142.471
138.089
140.067
154.465
138.219
138.884
147.82
145.355
138.459
135.252
146.085
143.34
146.756
142.959
140.056
154.387
144.682
141.689
140.389
151.841
137.563
139.872
138.213
139.585
158.294
145.87
144.21
138.916
140.504
139.722
137.765
140.233
133.217
150.771
143.95
137.154
131.617
143.357
136.65
153.863
139.884
140.803
150.033
140.309
138.255
150.861
153.752
153.748
142.851
138.081
147.719
145.639
141.629
157.109
153.332
150.075
145.91
140.052
147.793
140.096
140.893
144.178
140.442
139.61
151.354
140.896
137.104
131.942
145.213
141.586
131.6
142.171
137.869
141.372
144.078
138.804
144.033
137.803
131.629
146.054
137.658
141.457
146.379
137.828
138.326
147.328
144.422
139.913
147.21
142.269
140.386
148.144
144.999
141.678
154.92
157.402
144.493
145.372
139.926
151.122
145.307
138.367
138.876
146.294
143.984
141.377
144.422
139.311
139.193
140.177
136.582
150.525
139.318
142.217
140.521
142.509
143.075
135.326
141.01
133.755
144.219
139.268
140.046
153.316
141.747
140.791
140.961
139.821
130.785
142.258
139.874
139.744
138.023
141.341
146.306
139.276
142.175
151.364
144.88
141.193
144.952
144.404
138.192
145.266
136.972
150.836
151.237
136.08
144.669
145.004
141.662
136.522
152.385
146.049
136.69
160.442
158.009
151.732
141.384
143.544
139.374
142.359
140.047
155.002
147.653
144.341
138.693
148.053
139.343
140.442
150.839
145.532
140.389
159.801
151.608
145.324
139.509
158.231
140.574
140.091
131.571
140.029
140.469
144.179
145.097
140.089
138.528
144.759
139.772
141.809
147.346
147.625
137.615
140.168
141.242
138.479
150.861
138.1
153.767
153.932
142.035
142.095
151.937
150.434
143.149
132.936
140.48
142.298
131.363
145.366
139.258
151.329
140.952
141.699
142.694
131.267
145.215
135.81
141.323
141.396
151.256
148.141
140.478
141.188
153.707
139.794
141.21
145.72
142.201
138.983
157.905
148.781
140.355
136.891
141.257
140.55
143.188
156.975
141.512
136.786
144.649
146.43
139.972
145.672
143.717
138.289
143.885
136.616
148.854
146.074
142.301
139.545
146.094
140.502
142.456
140.823
138.778
131.187
143.043
137.894
141.992
136.684
138.279
140.004
137.618
146.45
144.499
131.664
144.139
140.056
148.205
144.297
137.2
152.778
139.031
143.034
135.13
150.401
141.028
138.106
135.87
135.766
158.159
159.458
141.627
145.668
139.639
140.703
144.211
139.798
157.963
141.892
139.294
136.088
140.899
138.857
138.464
143.95
137.969
136.069
141.624
145.752
142.416
149.985
140.524
137.627
146.91
135.746
141.542
137.255
135.856
144.172
139.39
136.303
144.86
138.954
142.303
143.872
135.834
145.409
144.861
146.046
136.292
136.975
138.733
138.434
145.605
140.522
141.302
147.412
140.059
135.663
152.572
146.18
147.026
159.108
144.805
143.085
136.188
143.978
139.189
138.107
139.187
139.963
140.544
142.719
138.238
152.091
142.113
144.828
140.464
146.035
140.785
139.338
159.756
137.713
140.045
131.241
145.649
135.721
149.647
134.264
134.123
145.799
142.701
130.2
144.512
141.719
137.282
140.509
139.343
131.598
139.91
142.181
133.698
143.781
137.281
147.716
140.259
135.804
146.887
138.942
139.665
153.59
140.322
143.142
130.208
140.495
143.387
151.733
148.916
134.735
139.537
148.984
142.804
141.926
138.407
140.471
143.487
141.691
144.871
144.101
141.466
154.187
140.15
138.721
151.888
135.654
137.563
144.676
136.236
141.297
144.548
141.043
155.034
152.796
146.603
146.349
133.193
146.911
142.224
135.516
144.979
139.676
142.334
144.484
139.673
141.861
145.95
139.145
138.881
151.947
145.204
135.825
160.249
150.168
145.286
137.2
151.603
140.896
140.443
148.869
154.74
151.75
154.025
147.455
151.391
151.372
145.312
148.445
163.456
147.834
148.579
158.227
143.977
145.778
158.862
154.771
143.431
151.043
154.374
136.134
131.573
147.652
138.21
140.816
149.578
139.326
142.109
131.76
135.877
141.885
143.058
144.106
135.595
147.77
144.588
142.803
144.466
157.639
140.09
139.698
137.354
153.31
143.805
144.134
138.488
153.594
144.942
135.213
155.179
144.044
160.003
155.059
147.595
144.235
151.631
171.398
164.179
147.596
157.739
158.936
156.86
158.485
150.465
148.017
154.945
160.053
150.985
154.352
149.444
148.285
150.345
150.128
155.532
151.022
157.373
147.907
142.947
137.801
152.839
146.482
141.771
140.917
143.641
147.239
137.429
140.521
161.992
158.834
144.47
157.194
159.005
156.193
152.147
146.125
140.311
135.667
144.815
140.296
146.308
143.074
141.901
150.103
143.967
137.831
144.026
145.679
142.884
147.882
154.581
144.614
154.69
156.226
135.394
152.863
